215974
215974
215986
216003
216017
216029
216034
216047
216055
216084
216093
216109
216108
216145
216163
216175
216189
216201
216199
216229
216249
216276
216283
216309
216307
216332
216357
216370
216402
216424
216438
216477
216469
216508
216536
216550
216573
216581
216586
216580
216556
216544
216506
216482
216450
216437
216422
216411
216393
216359
216367
216329
216302
216306
216283
216259
216250
216234
216226
216226
216195
216206
216193
216177
216173
216181
216177
216173
216172
216170
216180
216164
216166
216164
216161
216148
216157
216153
216157
216153
216150
216136
216120
216126
216113
216114
216106
216091
216096
216085
216084
216078
216071
216084
216089
216093
216100
216114
216129
216151
216171
216182
216212
216230
216240
216255
216264
216287
216305
216314
216328
216346
216351
216347
216367
216358
216372
216384
216385
216388
216382
216376
216361
216372
216359
216361
216360
216352
216356
216367
216352
216349
216342
216349
216339
216329
216328
216316
216300
216295
216291
216283
216270
216256
216257
216240
216232
216209
216196
216206
216197
216195
216182
216168
216148
216120
216101
216098
216095
216071
216069
216041
216036
216021
216006
216006
216009
215986
215981
215966
215964
215962
215946
215948
215942
215926
215897
215887
215901
215887
215877
215870
215869
215872
215858
215855
215830
215818
215817
215801
215796
215779
215769
215765
215758
215761
215740
215743
215738
215741
215742
215748
215765
215754
215760
215749
215748
215760
215757
215743
215756
215747
215731
215717
215706
215672
215658
215644
215624
215605
215558
215559
215524
215504
215480
215466
215441
215427
215410
215384
215372
215356
215331
215323
215288
215278
215297
215293
215306
215305
215324
215363
215402
215453
215501
215547
215587
215632
215672
215720
215794
215828
215900
215971
216029
216074
216117
216152
216202
216247
216299
216331
216355
216369
216403
216445
216480
216501
216509
216518
216537
216556
216542
216558
216557
216551
216565
216574
216555
216561
216571
216559
216534
216532
216534
216521
216536
216517
216498
216490
216480
216467
216466
216470
216453
216450
216450
216455
216466
216445
216447
216438
216436
216446
216445
216436
216440
216437
216440
216436
216435
216448
216453
216468
216472
216475
216499
216524
216537
216545
216545
216562
216579
216595
216613
216639
216672
216685
216703
216702
216724
216758
216767
216763
216799
216821
216843
216870
216893
216914
216934
216971
216961
216983
217007
217028
217054
217096
217094
217119
217134
217164
217194
217211
217216
217234
217245
217274
217288
217312
217344
217361
217352
217371
217376
217397
217396
217407
217419
217389
217377
217378
217375
217381
217351
217337
217329
217322
217335
217323
217321
217338
217349
217356
217354
217354
217369
217388
217396
217397
217401
217413
217423
217441
217458
217470
217477
217509
217516
217519
217522
217547
217556
217574
217586
217593
217577
217570
217591
217580
217599
217590
217598
217608
217618
217613
217625
217628
217635
217640
217632
217623
217625
217632
217625
217615
217619
217596
217607
217607
217604
217598
217569
217570
217561
217577
217560
217551
217561
217523
217534
217542
217525
217520
217475
217470
217470
217429
217437
217423
217379
217360
217338
217327
217295
217268
217252
217257
217254
217248
217260
217244
217257
217256
217237
217232
217242
217239
217225
217211
217198
217199
217215
217213
217210
217213
217201
217168
217177
217166
217180
217162
217162
217165
217183
217169
217159
217152
217178
217175
217206
217177
217187
217201
217201
217208
217216
217231
217222
217249
217264
217270
217270
217245
217259
217282
217306
217315
217309
217305
217318
217302
217293
217311
217330
217323
217329
217338
217340
217318
217308
217309
217330
217348
217328
217310
217298
217267
217244
217231
217211
217179
217167
217135
217133
217094
217060
217022
216993
216946
216923
216894
216838
216811
216804
216774
216756
216728
216697
216675
216641
216623
216612
216611
216605
216603
216595
216580
216568
216559
216547
216545
216549
216567
216611
216644
216685
216727
216761
216795
216839
216880
216935
216955
216998
217034
217050
217082
217091
217117
217129
217148
217177
217198
217194
217194
217188
217157
217176
217191
217188
217200
217183
217159
217139
217138
217134
217108
217122
217074
217064
217031
217032
216996
216961
216930
216885
216862
216873
216830
216812
216827
216795
216781
216758
216753
216725
216722
216721
216721
216706
216705
216692
216679
216672
216681
216686
216690
216692
216692
216693
216687
216690
216677
216693
216700
216705
216690
216701
216711
216720
216745
216768
216774
216801
216824
216846
216852
216867
216876
216909
216927
216940
216962
216962
216972
217001
217020
217040
217055
217064
217077
217082
217091
217113
217119
217150
217164
217183
217198
217208
217190
217233
217247
217247
217249
217244
217248
217268
217272
217252
217259
217247
217241
217245
217221
217205
217192
217164
217173
217163
217162
217173
217185
217190
217191
217181
217191
217173
217174
217194
217202
217207
217216
217213
217228
217220
217251
217248
217253
217262
217280
217269
217294
217292
217305
217299
217301
217293
217300
217289
217291
217273
217260
217252
217233
217234
217230
217211
217191
217178
217160
217144
217129
217127
217128
217124
217112
217089
217092
217073
217068
217043
217016
217011
217012
216997
216983
216958
216941
